{
  "rtdetr-l.pt": {
    "d": 256,
    "n": 2000,
    "self_detection_nmi": 0.5258148949143657,
    "self_detection_probe_acc": 0.6230899830220713,
    "detection_jaccard_spearman": 0.2987285672208266,
    "augmentation": {
      "self_aug_cos_mean": 0.9930130839347839,
      "cross_image_cos_mean": 0.8285183906555176,
      "invariance_margin": 0.16449469327926636,
      "per_kind": {
        "brightness": 0.9987558126449585,
        "blur": 0.9914541840553284,
        "rotate": 0.9878389239311218,
        "jpeg": 0.9940032958984375
      }
    }
  },
  "yolo11m.pt": {
    "d": 512,
    "n": 2000,
    "self_detection_nmi": 0.4568376569101574,
    "self_detection_probe_acc": 0.6053169734151329,
    "detection_jaccard_spearman": 0.20362308410627922,
    "augmentation": {
      "self_aug_cos_mean": 0.9753261804580688,
      "cross_image_cos_mean": 0.6751803159713745,
      "invariance_margin": 0.30014586448669434,
      "per_kind": {
        "brightness": 0.9958434104919434,
        "blur": 0.9733224511146545,
        "rotate": 0.968523383140564,
        "jpeg": 0.9636154174804688
      }
    }
  },
  "yolo11n.pt": {
    "d": 256,
    "n": 2000,
    "self_detection_nmi": 0.3610104801532021,
    "self_detection_probe_acc": 0.43870967741935485,
    "detection_jaccard_spearman": 0.1181280582262392,
    "augmentation": {
      "self_aug_cos_mean": 0.9922024011611938,
      "cross_image_cos_mean": 0.844265878200531,
      "invariance_margin": 0.14793652296066284,
      "per_kind": {
        "brightness": 0.9989676475524902,
        "blur": 0.9900018572807312,
        "rotate": 0.9898741841316223,
        "jpeg": 0.9899659156799316
      }
    }
  },
  "yolo11s.pt": {
    "d": 512,
    "n": 2000,
    "self_detection_nmi": 0.37635640756568994,
    "self_detection_probe_acc": 0.5063025210084033,
    "detection_jaccard_spearman": 0.15049395090366488,
    "augmentation": {
      "self_aug_cos_mean": 0.9859866499900818,
      "cross_image_cos_mean": 0.8079343438148499,
      "invariance_margin": 0.17805230617523193,
      "per_kind": {
        "brightness": 0.998294472694397,
        "blur": 0.9868453145027161,
        "rotate": 0.987275242805481,
        "jpeg": 0.9715316891670227
      }
    }
  },
  "yolov10n.pt": {
    "d": 256,
    "n": 2000,
    "self_detection_nmi": 0.3758003106709796,
    "self_detection_probe_acc": 0.5345268542199488,
    "detection_jaccard_spearman": 0.11005000452827987,
    "augmentation": {
      "self_aug_cos_mean": 0.9847538471221924,
      "cross_image_cos_mean": 0.7318667769432068,
      "invariance_margin": 0.2528870701789856,
      "per_kind": {
        "brightness": 0.9977201223373413,
        "blur": 0.9806289672851562,
        "rotate": 0.9786807894706726,
        "jpeg": 0.9819854497909546
      }
    }
  },
  "yolov10s.pt": {
    "d": 512,
    "n": 2000,
    "self_detection_nmi": 0.4253122673535412,
    "self_detection_probe_acc": 0.5711111111111111,
    "detection_jaccard_spearman": 0.14065738606547223,
    "augmentation": {
      "self_aug_cos_mean": 0.9828296899795532,
      "cross_image_cos_mean": 0.7549815773963928,
      "invariance_margin": 0.2278481125831604,
      "per_kind": {
        "brightness": 0.9976477026939392,
        "blur": 0.9777681231498718,
        "rotate": 0.9766526818275452,
        "jpeg": 0.9792503118515015
      }
    }
  },
  "yolov3-tinyu.pt": {
    "d": 256,
    "n": 2000,
    "self_detection_nmi": 0.3625990663337602,
    "self_detection_probe_acc": 0.4411764705882353,
    "detection_jaccard_spearman": 0.15784404308706432,
    "augmentation": {
      "self_aug_cos_mean": 0.9988590478897095,
      "cross_image_cos_mean": 0.9793511629104614,
      "invariance_margin": 0.019507884979248047,
      "per_kind": {
        "brightness": 0.9998234510421753,
        "blur": 0.9976208209991455,
        "rotate": 0.9990400075912476,
        "jpeg": 0.9989520311355591
      }
    }
  },
  "yolov5mu.pt": {
    "d": 768,
    "n": 2000,
    "self_detection_nmi": 0.49008920405895906,
    "self_detection_probe_acc": 0.6431623931623932,
    "detection_jaccard_spearman": 0.1821863594666789,
    "augmentation": {
      "self_aug_cos_mean": 0.9664598703384399,
      "cross_image_cos_mean": 0.6035814881324768,
      "invariance_margin": 0.36287838220596313,
      "per_kind": {
        "brightness": 0.9948222637176514,
        "blur": 0.9631546139717102,
        "rotate": 0.9686464667320251,
        "jpeg": 0.939216136932373
      }
    }
  },
  "yolov5nu.pt": {
    "d": 256,
    "n": 2000,
    "self_detection_nmi": 0.4161302462450598,
    "self_detection_probe_acc": 0.5121359223300971,
    "detection_jaccard_spearman": 0.14433849312918842,
    "augmentation": {
      "self_aug_cos_mean": 0.9883071184158325,
      "cross_image_cos_mean": 0.7978308796882629,
      "invariance_margin": 0.19047623872756958,
      "per_kind": {
        "brightness": 0.9984087944030762,
        "blur": 0.9827166795730591,
        "rotate": 0.9864094257354736,
        "jpeg": 0.9856933355331421
      }
    }
  },
  "yolov5su.pt": {
    "d": 512,
    "n": 2000,
    "self_detection_nmi": 0.4292973079135437,
    "self_detection_probe_acc": 0.5982905982905983,
    "detection_jaccard_spearman": 0.17060584088021813,
    "augmentation": {
      "self_aug_cos_mean": 0.9685697555541992,
      "cross_image_cos_mean": 0.5738286972045898,
      "invariance_margin": 0.3947410583496094,
      "per_kind": {
        "brightness": 0.995815098285675,
        "blur": 0.9583314657211304,
        "rotate": 0.9604217410087585,
        "jpeg": 0.9597105979919434
      }
    }
  },
  "yolov8m.pt": {
    "d": 576,
    "n": 2000,
    "self_detection_nmi": 0.5125068836973835,
    "self_detection_probe_acc": 0.6841004184100419,
    "detection_jaccard_spearman": 0.2284687481135586,
    "augmentation": {
      "self_aug_cos_mean": 0.9590891599655151,
      "cross_image_cos_mean": 0.5842750668525696,
      "invariance_margin": 0.37481409311294556,
      "per_kind": {
        "brightness": 0.9934564232826233,
        "blur": 0.9631382822990417,
        "rotate": 0.9631094336509705,
        "jpeg": 0.916652500629425
      }
    }
  },
  "yolov8n-cls.pt": {
    "d": 256,
    "n": 2000,
    "self_detection_nmi": null,
    "self_detection_probe_acc": null,
    "detection_jaccard_spearman": null,
    "augmentation": {
      "self_aug_cos_mean": 0.9949257969856262,
      "cross_image_cos_mean": 0.881115734577179,
      "invariance_margin": 0.11381006240844727,
      "per_kind": {
        "brightness": 0.9988362193107605,
        "blur": 0.9898841977119446,
        "rotate": 0.9953640699386597,
        "jpeg": 0.9956185817718506
      }
    }
  },
  "yolov8n-obb.pt": {
    "d": 256,
    "n": 2000,
    "self_detection_nmi": null,
    "self_detection_probe_acc": null,
    "detection_jaccard_spearman": NaN,
    "augmentation": {
      "self_aug_cos_mean": 0.9753938317298889,
      "cross_image_cos_mean": 0.760511040687561,
      "invariance_margin": 0.21488279104232788,
      "per_kind": {
        "brightness": 0.995107114315033,
        "blur": 0.961538553237915,
        "rotate": 0.9589617252349854,
        "jpeg": 0.9859678149223328
      }
    }
  },
  "yolov8n-pose.pt": {
    "d": 256,
    "n": 2000,
    "self_detection_nmi": null,
    "self_detection_probe_acc": null,
    "detection_jaccard_spearman": -0.0702507463808157,
    "augmentation": {
      "self_aug_cos_mean": 0.9887089133262634,
      "cross_image_cos_mean": 0.869520366191864,
      "invariance_margin": 0.11918854713439941,
      "per_kind": {
        "brightness": 0.9980116486549377,
        "blur": 0.9836660027503967,
        "rotate": 0.9865251183509827,
        "jpeg": 0.9866328239440918
      }
    }
  },
  "yolov8n-seg.pt": {
    "d": 256,
    "n": 2000,
    "self_detection_nmi": 0.399323564165811,
    "self_detection_probe_acc": 0.4681818181818182,
    "detection_jaccard_spearman": 0.15452977555585817,
    "augmentation": {
      "self_aug_cos_mean": 0.9933871626853943,
      "cross_image_cos_mean": 0.8901382088661194,
      "invariance_margin": 0.1032489538192749,
      "per_kind": {
        "brightness": 0.9988917708396912,
        "blur": 0.9903622269630432,
        "rotate": 0.9925891160964966,
        "jpeg": 0.9917056560516357
      }
    }
  },
  "yolov8n.pt": {
    "d": 256,
    "n": 2000,
    "self_detection_nmi": 0.4211597068579223,
    "self_detection_probe_acc": 0.4853273137697517,
    "detection_jaccard_spearman": 0.17302624371943515,
    "augmentation": {
      "self_aug_cos_mean": 0.9923050403594971,
      "cross_image_cos_mean": 0.8869984745979309,
      "invariance_margin": 0.10530656576156616,
      "per_kind": {
        "brightness": 0.9987748861312866,
        "blur": 0.9895073771476746,
        "rotate": 0.9900691509246826,
        "jpeg": 0.9908686876296997
      }
    }
  },
  "yolov8s.pt": {
    "d": 512,
    "n": 2000,
    "self_detection_nmi": 0.43136751343570995,
    "self_detection_probe_acc": 0.58125,
    "detection_jaccard_spearman": 0.20676276648373912,
    "augmentation": {
      "self_aug_cos_mean": 0.9765381813049316,
      "cross_image_cos_mean": 0.6811593174934387,
      "invariance_margin": 0.2953788638114929,
      "per_kind": {
        "brightness": 0.9966198801994324,
        "blur": 0.9657456874847412,
        "rotate": 0.977988064289093,
        "jpeg": 0.9657990336418152
      }
    }
  },
  "yolov9s.pt": {
    "d": 256,
    "n": 2000,
    "self_detection_nmi": 0.474200962563013,
    "self_detection_probe_acc": 0.5929752066115702,
    "detection_jaccard_spearman": 0.27391352102265637,
    "augmentation": {
      "self_aug_cos_mean": 0.9739340543746948,
      "cross_image_cos_mean": 0.6692445874214172,
      "invariance_margin": 0.3046894669532776,
      "per_kind": {
        "brightness": 0.9957923293113708,
        "blur": 0.9607201218605042,
        "rotate": 0.9785653948783875,
        "jpeg": 0.9606584310531616
      }
    }
  },
  "yolov9t.pt": {
    "d": 128,
    "n": 2000,
    "self_detection_nmi": 0.4469475383771456,
    "self_detection_probe_acc": 0.5180180180180181,
    "detection_jaccard_spearman": 0.22926255631974204,
    "augmentation": {
      "self_aug_cos_mean": 0.9884735941886902,
      "cross_image_cos_mean": 0.8387752175331116,
      "invariance_margin": 0.1496983766555786,
      "per_kind": {
        "brightness": 0.9982996582984924,
        "blur": 0.9820782542228699,
        "rotate": 0.986956000328064,
        "jpeg": 0.986560583114624
      }
    }
  },
  "_cka": {
    "names": [
      "rtdetr-l.pt",
      "yolo11m.pt",
      "yolo11n.pt",
      "yolo11s.pt",
      "yolov10n.pt",
      "yolov10s.pt",
      "yolov3-tinyu.pt",
      "yolov5mu.pt",
      "yolov5nu.pt",
      "yolov5su.pt",
      "yolov8m.pt",
      "yolov8n-cls.pt",
      "yolov8n-obb.pt",
      "yolov8n-pose.pt",
      "yolov8n-seg.pt",
      "yolov8n.pt",
      "yolov8s.pt",
      "yolov9s.pt",
      "yolov9t.pt"
    ],
    "matrix": [
      [
        1.0,
        0.7306992411613464,
        0.7154585719108582,
        0.7198268175125122,
        0.650137186050415,
        0.6639655232429504,
        0.6193539500236511,
        0.7146649360656738,
        0.723946213722229,
        0.7422857284545898,
        0.7121645212173462,
        0.5688947439193726,
        0.42341357469558716,
        0.5323748588562012,
        0.6936647891998291,
        0.7239341139793396,
        0.6934608221054077,
        0.6990733742713928,
        0.7230293154716492
      ],
      [
        0.7306992411613464,
        1.0,
        0.7432448267936707,
        0.8118639588356018,
        0.7933939695358276,
        0.8065401315689087,
        0.6740239858627319,
        0.8231730461120605,
        0.7446884512901306,
        0.8219216465950012,
        0.823489248752594,
        0.5897058844566345,
        0.44975805282592773,
        0.569605827331543,
        0.7386124730110168,
        0.7580673694610596,
        0.8283241987228394,
        0.8108154535293579,
        0.7846620082855225
      ],
      [
        0.7154585719108582,
        0.7432448267936707,
        1.0,
        0.8560441732406616,
        0.803726851940155,
        0.7137905359268188,
        0.6416037082672119,
        0.6126720905303955,
        0.8879803419113159,
        0.8172956705093384,
        0.6083601117134094,
        0.43098151683807373,
        0.45220282673835754,
        0.6011494994163513,
        0.8322547674179077,
        0.8641067743301392,
        0.7323454022407532,
        0.6542811393737793,
        0.7636106610298157
      ],
      [
        0.7198268175125122,
        0.8118639588356018,
        0.8560441732406616,
        1.0,
        0.8045528531074524,
        0.8040260672569275,
        0.6474807262420654,
        0.6859777569770813,
        0.8584057092666626,
        0.8626863956451416,
        0.6704224348068237,
        0.43931326270103455,
        0.45993250608444214,
        0.6334743499755859,
        0.8428632020950317,
        0.8479487895965576,
        0.813884437084198,
        0.6927633881568909,
        0.7683468461036682
      ],
      [
        0.650137186050415,
        0.7933939695358276,
        0.803726851940155,
        0.8045528531074524,
        0.9999997615814209,
        0.8066062927246094,
        0.6707699298858643,
        0.7011197209358215,
        0.7876688241958618,
        0.8226109147071838,
        0.7063533067703247,
        0.4886374771595001,
        0.4585506021976471,
        0.5395513772964478,
        0.7549231648445129,
        0.7835772633552551,
        0.7956212759017944,
        0.7249715924263,
        0.7393738031387329
      ],
      [
        0.6639655232429504,
        0.8065401315689087,
        0.7137905359268188,
        0.8040260672569275,
        0.8066062927246094,
        1.0,
        0.6563294529914856,
        0.7923290729522705,
        0.7412241101264954,
        0.8128548264503479,
        0.7802861928939819,
        0.5262951850891113,
        0.43486225605010986,
        0.5442179441452026,
        0.7123645544052124,
        0.7708365321159363,
        0.8222450613975525,
        0.7584241628646851,
        0.7534962892532349
      ],
      [
        0.6193539500236511,
        0.6740239858627319,
        0.6416037082672119,
        0.6474807262420654,
        0.6707699298858643,
        0.6563294529914856,
        0.9999998807907104,
        0.7011493444442749,
        0.6900888681411743,
        0.7517931461334229,
        0.6902096271514893,
        0.649427592754364,
        0.5852813720703125,
        0.5461916923522949,
        0.6719184517860413,
        0.7236345410346985,
        0.7303966879844666,
        0.6860701441764832,
        0.7131211161613464
      ],
      [
        0.7146649360656738,
        0.8231730461120605,
        0.6126720905303955,
        0.6859777569770813,
        0.7011197209358215,
        0.7923290729522705,
        0.7011493444442749,
        1.0,
        0.6724631786346436,
        0.7984556555747986,
        0.9072152376174927,
        0.6654993891716003,
        0.45439136028289795,
        0.5087899565696716,
        0.6542912721633911,
        0.7130903601646423,
        0.8195197582244873,
        0.8583115339279175,
        0.7795175909996033
      ],
      [
        0.723946213722229,
        0.7446884512901306,
        0.8879803419113159,
        0.8584057092666626,
        0.7876688241958618,
        0.7412241101264954,
        0.6900888681411743,
        0.6724631786346436,
        1.0,
        0.8689221143722534,
        0.654269278049469,
        0.5068728923797607,
        0.5035611987113953,
        0.6351372599601746,
        0.8873008489608765,
        0.9227178692817688,
        0.7788812518119812,
        0.704123854637146,
        0.8069122433662415
      ],
      [
        0.7422857284545898,
        0.8219216465950012,
        0.8172956705093384,
        0.8626863956451416,
        0.8226109147071838,
        0.8128548264503479,
        0.7517931461334229,
        0.7984556555747986,
        0.8689221143722534,
        1.0,
        0.769182026386261,
        0.5835601091384888,
        0.520078718662262,
        0.6539291143417358,
        0.8769768476486206,
        0.880940318107605,
        0.9008802175521851,
        0.7903648614883423,
        0.8106996417045593
      ],
      [
        0.7121645212173462,
        0.823489248752594,
        0.6083601117134094,
        0.6704224348068237,
        0.7063533067703247,
        0.7802861928939819,
        0.6902096271514893,
        0.9072152376174927,
        0.654269278049469,
        0.769182026386261,
        1.0,
        0.6615009903907776,
        0.4340967833995819,
        0.4758285880088806,
        0.61668860912323,
        0.6843122839927673,
        0.7956401109695435,
        0.8587229251861572,
        0.7842340469360352
      ],
      [
        0.5688947439193726,
        0.5897058844566345,
        0.43098151683807373,
        0.43931326270103455,
        0.4886374771595001,
        0.5262951850891113,
        0.649427592754364,
        0.6654993891716003,
        0.5068728923797607,
        0.5835601091384888,
        0.6615009903907776,
        1.0,
        0.4750514328479767,
        0.3934606611728668,
        0.4977164566516876,
        0.5263201594352722,
        0.5935360789299011,
        0.6285815834999084,
        0.5703489780426025
      ],
      [
        0.42341357469558716,
        0.44975805282592773,
        0.45220282673835754,
        0.45993250608444214,
        0.4585506021976471,
        0.43486225605010986,
        0.5852813720703125,
        0.45439136028289795,
        0.5035611987113953,
        0.520078718662262,
        0.4340967833995819,
        0.4750514328479767,
        1.0,
        0.41398122906684875,
        0.5068315267562866,
        0.5071949362754822,
        0.4979376792907715,
        0.4479014575481415,
        0.4456973969936371
      ],
      [
        0.5323748588562012,
        0.569605827331543,
        0.6011494994163513,
        0.6334743499755859,
        0.5395513772964478,
        0.5442179441452026,
        0.5461916923522949,
        0.5087899565696716,
        0.6351372599601746,
        0.6539291143417358,
        0.4758285880088806,
        0.3934606611728668,
        0.41398122906684875,
        1.0,
        0.7018146514892578,
        0.6642017960548401,
        0.6287809610366821,
        0.5203611850738525,
        0.5724385380744934
      ],
      [
        0.6936647891998291,
        0.7386124730110168,
        0.8322547674179077,
        0.8428632020950317,
        0.7549231648445129,
        0.7123645544052124,
        0.6719184517860413,
        0.6542912721633911,
        0.8873008489608765,
        0.8769768476486206,
        0.61668860912323,
        0.4977164566516876,
        0.5068315267562866,
        0.7018146514892578,
        1.0,
        0.8904770016670227,
        0.8180787563323975,
        0.6907646656036377,
        0.7504473328590393
      ],
      [
        0.7239341139793396,
        0.7580673694610596,
        0.8641067743301392,
        0.8479487895965576,
        0.7835772633552551,
        0.7708365321159363,
        0.7236345410346985,
        0.7130903601646423,
        0.9227178692817688,
        0.880940318107605,
        0.6843122839927673,
        0.5263201594352722,
        0.5071949362754822,
        0.6642017960548401,
        0.8904770016670227,
        1.0,
        0.813785195350647,
        0.7332910895347595,
        0.815399169921875
      ],
      [
        0.6934608221054077,
        0.8283241987228394,
        0.7323454022407532,
        0.813884437084198,
        0.7956212759017944,
        0.8222450613975525,
        0.7303966879844666,
        0.8195197582244873,
        0.7788812518119812,
        0.9008802175521851,
        0.7956401109695435,
        0.5935360789299011,
        0.4979376792907715,
        0.6287809610366821,
        0.8180787563323975,
        0.813785195350647,
        1.0,
        0.7988643646240234,
        0.7683051228523254
      ],
      [
        0.6990733742713928,
        0.8108154535293579,
        0.6542811393737793,
        0.6927633881568909,
        0.7249715924263,
        0.7584241628646851,
        0.6860701441764832,
        0.8583115339279175,
        0.704123854637146,
        0.7903648614883423,
        0.8587229251861572,
        0.6285815834999084,
        0.4479014575481415,
        0.5203611850738525,
        0.6907646656036377,
        0.7332910895347595,
        0.7988643646240234,
        1.000000238418579,
        0.8213437795639038
      ],
      [
        0.7230293154716492,
        0.7846620082855225,
        0.7636106610298157,
        0.7683468461036682,
        0.7393738031387329,
        0.7534962892532349,
        0.7131211161613464,
        0.7795175909996033,
        0.8069122433662415,
        0.8106996417045593,
        0.7842340469360352,
        0.5703489780426025,
        0.4456973969936371,
        0.5724385380744934,
        0.7504473328590393,
        0.815399169921875,
        0.7683051228523254,
        0.8213437795639038,
        1.0
      ]
    ]
  }
}